# Blender v2.78 (sub 0) OBJ File: ''
# www.blender.org
mtllib enclosure_collision.mtl
o Cube_Cube.004
v -1.950000 -1.889639 0.566340
v -1.950000 -1.889639 0.002350
v 1.950000 -1.889639 0.566340
v 1.950000 -1.889639 0.002350
v 1.950000 -1.989639 0.002350
v -1.950000 -1.989639 0.002350
v 1.950000 -1.989639 0.566340
v -1.950000 -1.989639 0.566340
vn -0.7071 0.0000 0.7071
vn 0.7071 0.0000 0.7071
vn -0.7071 0.0000 -0.7071
vn 0.7071 0.0000 -0.7071
vn 0.0000 -1.0000 0.0000
vn 0.0000 1.0000 0.0000
usemtl None.001
s 1
f 1//1 8//1 7//2 3//2
f 2//3 4//4 5//4 6//3
f 5//5 7//5 8//5 6//5
f 5//4 4//4 3//2 7//2
f 2//6 1//6 3//6 4//6
f 6//3 8//1 1//1 2//3
o Cube_Cube.003
v -1.950000 2.000000 0.566340
v -1.950000 2.000000 0.002350
v 1.950000 2.000000 0.566340
v 1.950000 2.000000 0.002350
v 1.950000 1.900000 0.002350
v -1.950000 1.900000 0.002350
v 1.950000 1.900000 0.566340
v -1.950000 1.900000 0.566340
vn 0.0000 1.0000 0.0000
vn 0.0000 -1.0000 0.0000
vn -0.7071 0.0000 -0.7071
vn 0.7071 0.0000 -0.7071
vn -0.7071 0.0000 0.7071
vn 0.7071 0.0000 0.7071
usemtl None.001
s 1
f 10//7 9//7 11//7 12//7
f 13//8 15//8 16//8 14//8
f 10//9 12//10 13//10 14//9
f 9//11 16//11 15//12 11//12
f 14//9 16//11 9//11 10//9
f 13//10 12//10 11//12 15//12
o Cube_Cube.000
v 1.990970 -1.950000 0.566340
v 1.990970 1.950000 0.566340
v 1.990970 -1.950000 0.002350
v 1.990970 1.950000 0.002350
v 1.890970 1.950000 0.002350
v 1.890970 1.950000 0.566340
v 1.890971 -1.950000 0.002350
v 1.890971 -1.950000 0.566340
vn 0.0000 0.7071 -0.7071
vn 0.0000 0.7071 0.7071
vn 1.0000 0.0000 0.0000
vn 0.0000 -0.7071 0.7071
vn 0.0000 -0.7071 -0.7071
vn -1.0000 -0.0000 0.0000
usemtl None.001
s 1
f 20//13 21//13 22//14 18//14
f 20//15 18//15 17//15 19//15
f 24//16 17//16 18//14 22//14
f 19//17 17//16 24//16 23//17
f 23//18 24//18 22//18 21//18
f 23//17 21//13 20//13 19//17
o Cube_Cube.002
v -2.000955 -1.950000 0.566340
v -2.000955 -1.950000 0.002350
v -2.000955 1.950000 0.566340
v -2.000955 1.950000 0.002350
v -1.900955 1.950000 0.002350
v -1.900955 -1.950000 0.002350
v -1.900955 1.950000 0.566340
v -1.900955 -1.950000 0.566340
vn 0.0000 -0.7071 -0.7071
vn 0.0000 0.7071 -0.7071
vn 0.0000 -0.7071 0.7071
vn 0.0000 0.7071 0.7071
vn 1.0000 0.0000 0.0000
vn -1.0000 -0.0000 0.0000
usemtl None.001
s 1
f 26//19 28//20 29//20 30//19
f 25//21 32//21 31//22 27//22
f 29//23 31//23 32//23 30//23
f 29//20 28//20 27//22 31//22
f 26//24 25//24 27//24 28//24
f 30//19 32//21 25//21 26//19
